3.971e+02
3.115e+02
2.437e+02
2.336e+02
1.836e+02
1.380e+02
1.249e+02
1.053e+02
8.143e+01
5.597e+01
4.137e+01
3.323e+01
3.033e+01
3.037e+01
3.190e+01
3.428e+01
3.818e+01
4.282e+01
4.790e+01
5.467e+01
6.230e+01
7.082e+01
8.112e+01
9.427e+01
3.955e+02
3.084e+02
2.401e+02
2.306e+02
1.805e+02
1.337e+02
1.209e+02
1.007e+02
7.679e+01
5.059e+01
3.538e+01
2.712e+01
2.363e+01
2.297e+01
2.336e+01
2.545e+01
2.807e+01
3.191e+01
3.600e+01
4.093e+01
4.643e+01
5.343e+01
6.266e+01
7.049e+01
3.944e+02
3.042e+02
2.369e+02
2.297e+02
1.796e+02
1.305e+02
1.197e+02
9.966e+01
7.669e+01
5.172e+01
3.681e+01
3.074e+01
2.832e+01
3.068e+01
3.271e+01
3.754e+01
4.438e+01
5.230e+01
6.161e+01
7.215e+01
8.421e+01
9.814e+01
1.175e+02
1.344e+02
3.992e+02
3.109e+02
2.421e+02
2.336e+02
1.836e+02
1.362e+02
1.238e+02
1.036e+02
7.991e+01
5.393e+01
3.916e+01
3.171e+01
2.954e+01
3.038e+01
3.246e+01
3.619e+01
4.085e+01
4.723e+01
5.508e+01
6.291e+01
7.279e+01
8.395e+01
9.729e+01
1.147e+02
4.105e+02
3.197e+02
2.523e+02
2.470e+02
1.972e+02
1.493e+02
1.394e+02
1.202e+02
9.831e+01
7.550e+01
6.374e+01
6.096e+01
6.407e+01
7.241e+01
8.102e+01
9.354e+01
1.088e+02
1.280e+02
1.514e+02
1.741e+02
2.011e+02
2.343e+02
2.726e+02
3.250e+02
4.626e+02
3.717e+02
3.072e+02
3.078e+02
2.598e+02
2.159e+02
2.114e+02
1.943e+02
1.795e+02
1.665e+02
1.685e+02
1.806e+02
2.016e+02
2.338e+02
2.645e+02
3.069e+02
3.551e+02
4.140e+02
4.866e+02
5.593e+02
6.417e+02
7.407e+02
8.660e+02
1.025e+03
